0 20
1 2
10 19
11 0
12 3
13 -1
14 0
15 1
16 0
17 33
18 2
19 0
2 3
20 1
21 23
22 27
23 20
24 9
25 1
26 3
27 7
28 1
29 24
3 34
30 18
31 8
32 5
33 4
34 7
35 12
36 17
37 13
38 0
39 16
4 2
40 7
41 17
42 25
43 1
44 21
45 2
46 15
47 22
48 1
49 6
5 1
50 0
51 0
52 27
53 0
54 1
55 9
56 -1
57 5
58 34
59 15
6 37
60 9
61 1
62 21
63 6
64 2
65 0
66 -1
67 8
68 16
69 6
7 5
70 22
71 15
72 5
73 15
74 7
75 1
76 5
77 28
78 1
79 13
8 18
80 20
81 20
82 23
83 39
84 23
85 19
86 5
87 4
88 15
89 1
9 23
90 4
91 0
92 2
93 19
94 43
95 20
96 1
97 -1
98 8
99 4

readtime : 29784
solvetime:  315858
